# ./data/connectome.txt
# Nodes: 2723 Edges: 6915
# SrcNId	DstNId
0	12
0	26
0	338
1	12
1	26
2	0
2	1
2	21
2	26
3	211
4	211
4	1889
5	12
5	44
6	21
6	23
6	54
7	43
7	1029
8	9
9	26
10	67
10	84
10	197
10	361
10	394
10	1042
10	2425
10	2441
10	2556
11	12
11	338
12	22
12	27
13	26
13	50
14	19
14	193
15	1029
16	193
17	9
17	21
17	23
17	26
17	193
18	23
19	11
19	21
20	14
21	22
21	23
21	34
21	38
21	188
21	207
22	21
22	27
22	32
22	198
22	207
22	777
22	1214
23	21
23	22
23	38
23	54
23	188
24	2176
25	251
25	929
26	53
26	211
27	26
27	188
27	211
28	445
28	572
28	2717
30	394
30	445
30	1950
30	2325
31	211
32	68
32	83
32	198
32	202
32	203
32	476
35	409
35	614
35	660
35	878
35	1098
35	1275
35	1323
35	1386
35	1473
35	1520
35	1607
35	1934
35	2361
35	2385
35	2437
35	2447
35	2494
35	2536
36	975
36	1556
37	51
38	12
38	21
38	23
38	83
38	203
38	213
39	75
39	192
39	541
39	681
39	901
39	1075
39	1334
39	2441
40	68
40	83
40	113
40	114
40	118
40	192
40	394
41	673
42	67
42	68
42	84
42	149
42	205
42	220
42	394
42	785
42	1240
43	7
43	289
44	21
44	23
44	26
44	34
45	21
45	44
45	1029
46	26
46	27
47	65
47	85
47	106
47	109
47	112
47	118
47	132
47	133
47	136
47	137
47	138
47	139
47	140
47	170
47	2702
48	68
48	192
48	394
49	363
49	1029
49	2405
50	26
50	51
50	55
50	56
50	289
51	26
51	31
51	50
51	53
51	343
52	406
52	469
52	575
52	665
52	862
52	1033
52	1342
52	2175
52	2535
53	30
53	42
53	2037
54	21
54	23
54	38
54	188
55	42
55	68
56	144
56	1086
56	2406
56	2716
57	58
57	963
57	1106
57	1117
57	1128
57	1213
57	1888
58	381
58	605
58	633
58	688
59	2412
60	77
60	149
60	153
60	159
60	168
60	232
60	785
60	787
62	30
62	73
62	117
62	133
62	154
62	159
62	163
62	192
62	199
62	201
62	240
62	289
62	333
62	575
62	615
62	634
62	725
62	762
62	780
62	802
62	830
62	835
62	857
62	876
62	889
62	958
62	983
62	1086
62	1193
62	1223
62	1266
62	1299
62	1647
62	1950
62	2044
64	99
64	192
64	255
64	316
64	411
64	1874
64	2533
66	1205
67	394
67	2325
67	2406
68	208
68	314
68	320
68	321
68	323
68	324
68	326
68	327
68	453
68	485
68	486
68	1022
68	1715
69	10
69	74
69	174
69	200
69	442
69	524
69	598
69	727
69	758
69	927
69	1071
69	1086
69	1095
69	1224
69	1812
69	2172
69	2509
69	2530
71	158
71	1139
71	2620
72	151
72	660
72	913
72	1139
72	1323
73	47
73	62
73	82
73	86
73	105
73	114
73	115
73	117
73	163
73	164
73	170
73	345
73	536
73	621
73	660
73	876
73	878
73	883
73	884
73	887
73	889
73	1089
73	1106
73	1227
73	1280
73	1357
73	1427
73	1502
73	1713
73	2045
73	2454
73	2542
73	2586
73	2591
73	2656
73	2680
74	10
74	75
74	77
74	154
74	289
74	598
74	1086
74	1095
75	115
75	1086
75	1106
75	1122
75	2144
75	2670
76	39
76	75
76	154
76	404
76	780
76	1149
76	2442
76	2473
77	62
77	154
77	333
77	642
77	762
77	843
77	1156
77	1893
77	2454
78	75
78	727
78	2184
78	2462
79	1832
79	1998
81	50
81	377
82	47
82	94
82	131
82	206
82	882
82	921
82	1169
82	2316
82	2384
83	68
83	197
83	316
83	394
83	1146
84	202
84	205
84	261
84	262
84	263
84	266
84	267
84	271
84	281
84	282
84	283
84	284
84	285
84	286
84	451
84	506
84	660
84	1329
84	2140
84	2349
84	2716
86	135
86	164
86	373
86	478
86	697
86	707
86	748
86	749
86	850
86	915
86	1287
86	1552
86	2038
88	0
89	82
89	94
89	127
89	372
89	731
89	1379
89	1946
89	2200
89	2383
89	2384
89	2467
89	2547
89	2613
90	47
90	636
90	1652
90	2200
91	207
91	348
91	409
91	1628
91	2120
94	352
94	477
94	610
94	627
94	914
94	1214
94	1222
94	1449
94	1451
94	1453
94	1454
94	1481
94	1546
94	1639
94	1658
94	1910
94	2057
94	2061
94	2085
94	2296
94	2420
94	2431
94	2438
94	2535
94	2538
94	2547
94	2645
97	138
97	192
97	197
97	820
99	2174
100	627
100	2450
102	414
102	1242
102	1273
102	1286
102	1399
102	1406
102	1423
102	1545
102	1749
102	1841
102	2202
102	2417
103	77
103	107
103	2473
103	2717
107	77
107	229
107	828
107	1122
107	1239
107	2285
107	2325
107	2406
107	2473
110	161
110	2292
110	2454
111	110
111	240
111	683
111	702
115	73
115	75
115	214
115	704
115	2184
115	2328
115	2594
116	976
116	1033
116	2102
116	2200
116	2435
120	116
120	546
120	751
121	68
121	197
121	2406
123	125
124	127
125	627
127	89
127	94
127	206
127	899
128	130
129	392
129	575
130	122
130	128
131	89
131	124
131	2198
131	2200
141	1233
145	362
145	725
145	814
145	892
145	1065
145	1148
145	1260
145	1360
145	1510
145	1535
145	1545
145	1980
145	2190
145	2246
145	2515
145	2533
145	2537
145	2564
145	2601
145	2695
146	104
146	133
146	135
146	143
146	163
146	199
146	355
146	365
146	708
146	747
146	801
146	802
146	1400
148	149
148	153
148	154
148	159
148	162
148	165
148	177
148	241
148	311
148	315
148	785
148	944
149	6
149	73
149	77
149	154
149	170
149	185
149	785
149	1217
149	2459
150	157
151	77
151	192
151	348
151	803
151	1767
151	2172
152	504
153	156
153	168
153	173
153	218
153	232
153	237
153	241
153	250
153	315
153	332
153	782
154	170
154	372
154	505
154	754
154	860
154	2454
154	2459
155	149
155	150
155	152
155	159
155	165
155	168
155	185
155	253
155	275
155	787
155	876
155	944
156	150
156	153
156	154
156	183
156	185
156	219
156	250
156	276
156	944
157	149
157	150
157	152
157	154
157	159
157	162
157	165
157	168
157	183
157	230
157	259
157	311
157	550
157	686
158	260
158	409
158	815
158	857
158	974
158	2676
159	183
159	762
159	787
160	208
161	536
161	1393
161	1402
161	1412
161	2052
161	2053
163	73
163	206
163	843
165	253
166	762
167	1042
168	153
168	157
168	162
168	185
168	230
168	315
168	944
169	94
169	352
169	814
170	47
170	73
170	105
170	106
170	117
170	132
170	134
170	135
170	163
170	206
170	215
170	333
170	426
170	780
170	803
170	878
170	917
170	1330
170	1914
170	1975
170	2044
170	2172
170	2473
171	177
172	177
172	185
172	232
172	237
172	331
173	73
173	75
173	149
173	213
173	241
173	275
173	372
173	388
173	768
173	786
173	787
173	845
173	876
173	948
173	1240
174	210
174	757
174	2503
174	2509
174	2530
175	390
176	623
176	947
177	172
179	685
180	2501
183	149
183	154
183	221
183	505
183	785
183	787
183	944
183	1168
184	750
185	41
185	154
185	162
185	333
185	785
185	838
186	605
186	616
186	688
186	1213
187	52
187	379
187	911
187	1169
187	1946
187	2046
187	2198
187	2200
187	2316
187	2415
187	2435
187	2547
188	12
188	27
190	376
190	2454
190	2539
190	2592
191	692
192	68
192	119
192	243
192	360
192	383
192	394
192	439
192	652
192	660
192	718
192	774
192	856
192	1084
192	1383
192	1574
192	1628
192	1669
192	1821
192	1961
192	2328
192	2331
192	2383
192	2414
192	2461
192	2520
192	2562
192	2598
192	2627
193	15
193	194
194	764
195	84
195	445
195	540
195	777
195	1812
195	2318
196	1950
197	138
197	215
197	415
197	416
197	418
197	419
197	420
197	421
197	422
197	427
197	428
197	819
197	1865
197	1876
197	1930
198	196
200	102
200	110
200	240
200	508
200	894
200	1223
200	1276
200	1399
200	2287
200	2292
200	2417
200	2478
200	2711
201	759
201	854
201	1071
201	1240
202	64
202	197
202	220
202	411
202	1334
202	1506
202	2285
202	2626
203	192
203	197
203	198
203	202
203	208
204	62
204	115
204	718
204	922
204	994
204	1118
204	1144
204	1454
204	1578
204	1748
204	1881
204	2416
204	2462
204	2528
204	2637
204	2681
205	67
205	68
205	84
205	202
205	260
205	394
205	411
206	41
206	47
206	65
206	108
206	109
206	119
206	140
206	142
206	143
206	164
206	170
206	173
206	192
206	199
206	211
206	356
206	365
206	373
206	389
206	656
206	670
206	708
206	713
206	747
206	749
206	787
206	801
206	820
206	824
206	843
206	975
206	988
206	1060
206	1080
206	1082
206	1150
206	1161
206	1163
206	1164
206	1165
206	1202
206	1217
206	1223
206	1321
206	1370
206	1393
206	1395
206	1398
206	1517
206	1615
206	1770
206	2384
206	2420
206	2454
206	2510
206	2675
206	2680
206	2708
207	91
207	119
207	127
207	203
207	409
207	1628
207	2316
207	2383
207	2488
207	2679
208	805
208	1572
208	2184
208	2543
210	174
210	240
210	349
210	432
210	473
210	699
210	808
210	818
210	864
210	887
210	914
210	918
210	1060
210	1228
210	1312
210	1352
210	1381
210	1384
210	1408
210	1411
210	1429
210	1433
210	1434
210	1451
210	1467
210	1468
210	1469
210	1471
210	1473
210	1479
210	1480
210	1482
210	1484
210	1545
210	1678
210	1699
210	1840
210	1959
210	1983
210	1991
210	2002
210	2060
210	2375
210	2564
210	2581
210	2620
210	2642
210	2646
211	0
211	3
211	26
211	31
211	338
211	363
211	1190
212	621
212	1095
212	2597
213	241
216	177
216	242
216	250
216	274
216	277
216	769
217	149
218	153
218	177
218	228
218	232
218	279
218	328
218	526
220	64
220	68
220	84
220	202
220	221
221	192
221	220
221	394
221	640
221	1245
222	633
222	2634
223	102
223	161
223	200
223	271
223	414
223	912
223	1081
223	1286
223	1384
223	1399
223	1406
223	1923
223	2000
223	2060
223	2554
223	2675
224	693
224	730
224	1373
224	1500
224	1828
225	184
225	620
225	767
226	216
226	545
227	649
227	1213
230	168
230	770
231	29
231	152
231	269
231	375
231	625
231	1019
231	1278
231	1899
231	2680
232	159
233	911
233	1127
233	1536
233	2434
234	701
234	894
234	1273
234	1451
234	1841
234	2554
234	2559
234	2710
235	387
235	2407
235	2453
236	232
236	328
237	686
237	1641
238	311
239	372
240	414
240	433
240	508
240	660
240	918
240	1276
240	1281
240	1424
240	1479
240	2000
240	2044
240	2292
240	2417
240	2578
240	2582
241	787
242	177
243	718
243	1375
244	526
244	544
245	273
245	686
245	1641
246	218
246	526
247	168
247	173
247	402
247	549
248	1145
248	1147
249	857
249	1686
249	1770
249	2205
250	149
250	273
250	311
250	329
251	1057
251	1106
251	1244
252	374
252	2022
252	2529
252	2677
254	1827
254	2697
255	64
255	99
255	252
255	743
255	978
255	1658
256	1156
257	1060
257	2630
258	1751
259	244
259	328
270	879
271	706
271	1249
271	1286
271	1399
271	1423
272	789
272	1756
273	77
273	154
273	232
273	1641
274	153
274	181
274	230
274	232
274	244
275	159
276	154
276	250
276	315
276	785
276	787
284	431
284	815
284	1863
284	1876
284	2291
284	2319
284	2345
284	2529
287	440
287	441
287	2599
288	284
288	384
288	893
288	2530
288	2641
304	299
306	309
306	394
306	1667
306	2146
315	154
315	232
315	273
315	1641
316	64
316	197
316	202
316	394
316	1707
325	859
325	1114
325	1263
328	236
330	1517
330	2047
330	2636
331	149
331	226
331	273
331	686
332	173
332	334
332	843
332	861
332	869
332	876
333	170
333	618
333	633
333	803
333	1193
333	1921
333	2441
333	2676
334	255
334	853
335	793
335	1093
336	1421
337	204
339	330
339	844
339	999
339	1079
339	1201
339	1384
339	1397
339	1399
339	1406
339	1749
339	2710
340	594
340	680
341	222
341	446
342	1076
342	1313
345	1060
346	380
347	1401
348	206
348	360
348	1379
348	1946
348	2226
349	210
349	670
349	1060
349	1099
349	1169
349	1395
349	1512
349	1986
349	2420
349	2445
349	2579
349	2675
350	1336
352	403
352	1471
352	2131
352	2157
352	2158
353	47
353	988
353	2457
358	192
358	757
358	797
359	1519
359	1573
360	478
360	670
360	1181
360	1283
360	1453
360	1628
362	210
362	287
362	432
362	914
362	1221
362	1373
362	1485
362	1933
362	2478
362	2544
363	21
363	29
363	206
363	367
363	1029
364	744
366	33
366	376
366	1231
366	2144
366	2513
366	2539
366	2586
366	2670
369	26
369	29
369	372
369	375
369	377
369	623
369	1029
369	2405
370	568
371	231
372	72
372	158
372	789
372	1718
374	1069
375	768
376	103
376	107
376	190
376	214
376	366
376	851
376	1224
376	1916
376	2285
376	2539
376	2593
376	2634
377	952
379	360
379	372
379	636
379	731
379	746
379	1551
379	1921
379	2200
379	2384
379	2613
380	396
380	526
380	750
381	87
381	192
381	383
381	439
381	660
381	739
381	789
381	857
381	900
381	1026
381	1196
381	1383
381	1413
381	2328
381	2331
381	2413
381	2510
381	2597
381	2634
383	381
383	789
383	2328
383	2510
383	2595
383	2719
384	336
384	385
384	1098
384	2540
384	2564
385	1658
389	73
389	927
392	641
392	803
392	862
392	885
392	904
392	2102
394	109
394	118
394	291
394	292
394	295
394	297
394	298
394	299
394	300
394	302
394	308
394	309
394	1322
394	1967
395	89
395	127
395	372
395	1084
395	1240
395	2454
395	2613
396	216
396	218
396	526
397	149
397	333
397	782
397	785
397	876
400	635
402	361
402	445
402	777
402	829
402	1031
402	2442
402	2491
404	1139
406	814
406	1551
406	1976
406	2085
406	2176
406	2508
407	793
407	930
407	1974
407	2148
407	2475
408	1997
409	47
409	2457
409	2702
411	252
411	443
411	2086
411	2464
411	2648
412	423
412	660
412	1107
412	1925
413	1497
413	1500
413	1736
413	2686
413	2690
414	161
414	234
414	1399
414	1749
414	1839
414	2554
426	471
426	1718
426	2536
429	884
429	2416
429	2611
429	2698
429	2715
430	610
430	1972
430	2105
430	2147
430	2149
430	2279
431	2677
432	268
432	1503
432	1504
432	1505
432	1739
432	1943
432	1991
432	2029
432	2030
432	2031
432	2072
432	2074
432	2077
432	2078
432	2091
432	2092
432	2242
432	2243
432	2248
432	2256
432	2265
432	2266
432	2269
432	2289
432	2299
432	2302
432	2311
432	2469
432	2601
433	1060
433	1959
437	408
437	993
437	1789
437	1855
437	2593
439	192
439	381
439	789
439	1223
439	1518
439	1612
439	2199
439	2562
439	2597
439	2719
444	30
444	32
444	73
444	170
444	1150
444	2589
444	2678
446	400
446	1238
446	1313
447	542
447	905
448	1140
448	1145
449	47
449	52
449	223
449	381
449	511
449	531
449	627
449	641
449	689
449	725
449	862
449	896
449	904
449	969
449	973
449	1126
449	1178
449	1238
449	1342
449	1809
449	1891
449	1905
449	1996
449	2102
449	2448
449	2458
449	2535
449	2540
449	2707
450	1297
450	2313
469	665
469	2175
469	2316
471	432
471	1347
471	1349
471	1472
471	1556
471	1636
471	1738
471	2057
471	2188
471	2319
472	2530
474	805
474	1681
474	2360
475	2684
476	383
476	900
476	2598
477	263
477	478
477	479
477	1295
477	1660
477	1663
477	1665
477	1788
477	1826
477	1828
477	1860
477	1869
477	1924
477	2350
477	2423
478	263
478	479
478	480
478	481
478	928
478	1230
478	1296
478	1659
478	1660
478	1663
478	1665
478	1685
478	2084
478	2222
478	2267
478	2423
495	496
496	2201
498	1688
503	500
504	2453
505	68
505	197
505	208
505	394
505	2410
505	2441
505	2473
507	400
507	541
507	979
507	1053
507	1075
507	1149
507	1156
507	1707
507	2454
508	234
508	818
508	1424
508	1480
510	2044
510	2473
511	514
511	519
511	543
511	629
511	896
512	333
512	785
513	535
513	631
514	372
514	533
514	660
514	672
514	1291
515	77
515	192
515	202
515	208
515	634
515	757
515	772
515	2044
515	2604
516	545
517	372
517	537
517	901
518	225
518	236
518	554
518	782
519	531
519	660
519	973
519	1889
521	29
521	219
521	389
521	397
521	504
521	549
521	561
521	616
521	782
521	838
521	876
521	1645
522	967
523	770
523	941
523	966
523	1588
524	252
524	2325
525	626
526	159
526	232
526	250
526	259
526	328
526	770
528	246
528	562
528	563
528	756
529	620
529	1591
530	868
530	1524
531	519
531	628
531	938
531	1126
533	936
533	1238
534	177
535	513
535	781
537	372
537	530
537	616
541	72
541	1043
541	1149
541	1891
544	380
544	562
545	228
545	273
545	547
545	770
546	751
547	380
547	1591
548	389
548	876
549	535
552	397
552	512
552	561
555	500
555	501
555	503
555	716
555	2213
560	2372
561	383
561	523
561	773
561	843
561	868
561	1223
563	526
563	528
563	2282
564	232
565	944
566	175
566	1406
566	2510
567	1905
568	596
568	650
568	1331
570	616
571	172
572	1269
573	683
574	518
574	872
574	2348
575	116
575	303
575	355
575	536
575	652
575	698
575	747
575	1119
575	1976
576	233
576	665
576	2565
577	703
578	2441
581	911
582	233
582	360
582	722
582	911
582	1002
582	1181
582	1518
582	2226
583	263
583	265
583	489
583	601
583	730
583	1295
583	1298
583	1504
583	1514
583	1535
583	1604
583	1655
583	1656
584	1291
585	642
585	934
585	1116
586	1106
586	1299
588	103
588	406
588	539
588	727
588	828
588	2044
588	2442
588	2503
594	673
597	381
597	383
597	965
598	10
598	74
598	75
598	77
598	229
598	444
598	727
598	1086
598	2425
598	2441
598	2454
599	149
599	275
599	387
599	388
599	550
599	785
599	843
599	869
599	2453
600	1223
600	2200
600	2454
601	451
601	1073
601	1102
601	1428
601	2277
601	2400
601	2521
601	2531
601	2532
605	688
605	1013
610	304
610	410
610	430
610	1460
610	1618
610	1619
610	1815
610	1972
610	2148
610	2209
610	2411
611	263
611	482
611	1230
611	1296
611	1870
611	1871
611	2307
611	2568
612	1497
612	2684
613	263
614	293
614	310
614	2420
615	633
615	728
615	729
615	794
615	1106
616	1168
618	170
620	232
620	242
620	273
621	115
621	660
621	810
621	876
621	1106
621	1881
621	2594
622	683
623	11
623	1029
623	2452
625	383
625	962
625	2680
626	1829
627	1033
627	1114
627	1176
627	1957
627	1976
627	2065
627	2363
627	2517
628	1292
629	270
630	687
632	642
633	205
633	260
633	333
633	803
633	974
633	1718
633	1960
635	95
635	2592
636	372
636	1238
637	2403
638	2567
639	110
639	1223
639	2292
640	633
641	222
641	235
641	444
641	630
641	633
641	642
641	660
641	764
641	787
641	907
641	1126
641	1150
641	1223
641	2589
641	2634
642	42
642	84
642	195
642	203
642	205
642	618
642	633
642	765
642	797
642	825
642	1116
643	781
643	929
643	1240
643	2604
644	476
644	2718
645	525
647	227
647	948
648	401
649	227
649	635
650	404
650	507
650	1036
650	1225
650	2285
651	154
651	825
654	206
654	664
654	710
654	713
654	1646
654	1777
654	2440
655	477
655	1740
656	1202
656	1743
656	1947
656	2120
656	2226
657	2399
660	62
660	108
660	118
660	119
660	197
660	283
660	303
660	351
660	356
660	415
660	417
660	425
660	449
660	451
660	452
660	456
660	459
660	460
660	538
660	539
660	587
660	725
660	800
660	820
660	886
660	892
660	904
660	1059
660	1094
660	1111
660	1169
660	1223
660	1822
660	1826
660	1865
660	1940
660	1961
660	2349
660	2372
660	2438
660	2543
660	2591
660	2594
660	2680
661	102
661	234
661	601
661	694
661	701
661	1273
661	1384
661	1399
661	1699
661	1749
663	664
663	710
663	713
663	1202
664	709
664	713
664	715
664	1849
665	52
665	90
665	212
665	330
665	392
665	449
665	576
665	615
665	774
665	789
665	794
665	1252
665	1327
665	1342
665	1652
665	1669
665	1946
665	2175
665	2415
665	2448
665	2487
665	2540
665	2565
665	2597
666	712
666	1082
666	1188
666	1381
666	1394
666	1396
666	2370
666	2429
667	333
667	1633
667	2660
668	1399
669	210
671	2403
673	564
673	1168
675	1220
675	2420
677	449
677	859
678	179
678	552
678	679
678	680
678	1320
680	166
681	901
681	1051
681	1115
682	254
683	682
683	757
683	886
683	1095
686	75
686	153
686	154
686	177
686	179
688	400
688	648
688	772
688	841
688	956
688	1038
688	1218
688	1291
688	1304
688	2592
692	70
692	189
692	270
692	404
692	446
692	541
692	1223
692	2606
693	2290
694	701
697	133
697	134
697	143
697	161
697	365
697	373
697	707
697	747
697	748
697	975
698	575
698	665
698	911
698	1065
698	1114
698	1357
698	1374
698	2657
699	302
699	303
699	455
699	725
699	1092
699	1560
699	1602
699	1775
700	2417
701	161
701	1060
702	111
702	1269
703	1748
703	2003
705	1078
706	414
706	1187
706	1397
706	1423
709	610
709	664
709	714
709	715
709	844
709	1220
709	1389
709	1798
709	1849
709	2010
710	663
710	1576
713	86
713	610
713	709
713	715
713	890
713	1201
713	1220
713	1399
713	1849
713	2010
713	2440
713	2703
714	664
714	713
715	709
715	1798
715	2526
716	500
716	555
716	1528
716	2213
717	922
717	1187
717	2710
718	348
718	360
718	478
718	922
718	1144
718	1379
718	1646
718	1778
718	1896
718	2003
718	2226
718	2448
718	2562
719	803
719	859
719	1669
720	665
720	796
720	911
721	859
721	1669
722	360
722	1144
722	1209
722	1377
722	1518
722	1596
722	1946
722	2205
722	2433
722	2547
725	47
725	94
725	108
725	109
725	112
725	114
725	118
725	178
725	302
725	303
725	351
725	393
725	394
725	453
725	454
725	455
725	461
725	464
725	466
725	595
725	627
725	800
725	976
725	1022
725	1059
725	1119
725	1305
725	1426
725	1519
725	1774
725	1786
725	1820
725	1831
725	1874
725	2034
725	2464
725	2699
726	240
726	912
726	1060
726	1281
726	1432
726	1699
726	1752
726	2427
727	62
727	665
727	725
727	1043
727	1106
727	1232
727	2701
728	2453
728	2509
730	432
730	483
730	489
730	583
730	1503
730	2180
730	2256
730	2294
731	94
731	733
731	774
731	899
731	1342
731	2455
731	2613
733	89
733	127
733	2384
734	354
734	636
735	922
735	1384
735	1403
736	349
736	1424
736	1453
736	1711
737	2506
738	236
738	756
738	1020
738	2282
739	29
739	149
739	504
739	643
739	786
739	944
739	962
739	974
739	1150
739	1190
739	2509
739	2598
740	739
740	1003
740	2680
745	754
746	94
746	360
746	372
746	379
746	395
746	2200
746	2613
753	1202
753	1287
754	73
754	77
754	170
754	476
754	633
754	2441
754	2589
755	277
755	526
756	380
756	396
756	526
756	528
756	738
756	791
757	96
757	98
757	108
757	118
757	138
757	142
757	215
757	283
757	520
757	538
757	539
757	820
757	850
757	1026
757	1103
757	2032
757	2607
758	30
758	53
758	634
758	1086
761	401
761	958
762	183
762	754
762	785
762	786
763	789
763	1057
763	1168
763	1223
764	641
764	789
764	1223
764	2589
765	121
765	394
765	852
765	2406
766	829
767	273
767	279
768	75
768	372
768	395
768	618
768	728
768	1089
768	2454
770	153
770	177
770	244
770	259
770	1641
771	507
771	902
772	255
772	841
772	1139
772	2718
773	513
773	965
777	1916
777	2325
778	86
778	709
781	232
781	246
781	333
782	41
782	77
782	152
782	154
782	333
782	444
782	741
782	768
782	785
782	786
782	867
782	869
782	870
782	895
782	1168
783	1286
784	35
784	1373
784	1520
784	1861
784	2447
784	2694
785	30
785	77
785	154
785	170
785	389
785	444
785	618
785	789
785	860
786	77
786	149
786	275
786	333
786	618
786	2044
787	30
787	42
787	73
787	121
787	149
787	170
787	195
787	203
787	205
787	221
787	228
787	316
787	444
787	789
787	861
787	907
787	1168
787	2589
788	71
788	255
788	1718
788	1874
788	2044
788	2620
789	257
789	660
789	803
789	845
789	1060
789	1065
789	1551
789	1857
789	1961
789	1977
789	2156
789	2199
789	2413
789	2418
789	2502
789	2608
790	2620
793	410
793	1455
793	1457
793	1566
793	1567
793	2427
793	2462
794	72
794	170
794	1413
795	2652
795	2653
797	649
798	519
799	518
799	521
799	523
803	36
803	77
803	96
803	98
803	158
803	299
803	302
803	324
803	392
803	409
803	453
803	454
803	455
803	463
803	467
803	484
803	503
803	590
803	591
803	592
803	757
803	789
803	820
803	832
803	873
803	1022
803	1065
803	1152
803	1209
803	1898
803	1951
803	2463
803	2701
806	1648
807	890
807	2582
807	2711
808	1943
808	2072
808	2234
809	1670
809	2641
809	2716
811	1573
811	1681
814	145
814	1488
814	1503
814	2072
814	2242
814	2716
815	1884
815	1978
817	611
820	76
820	84
820	85
820	96
820	137
820	138
820	140
820	142
820	197
820	210
820	262
820	278
820	415
820	425
820	451
820	452
820	457
820	459
820	460
820	465
820	468
820	590
820	757
820	818
820	819
820	843
820	1026
820	1073
820	1081
820	1169
820	1223
820	1257
820	1395
820	1415
820	1487
820	1635
820	1750
820	1754
820	1759
820	1801
820	1808
820	1858
820	1930
820	1991
820	2202
820	2345
820	2574
820	2642
821	921
822	269
822	375
822	395
822	401
822	1019
825	400
825	1071
825	1095
825	1149
825	1258
825	1590
825	1874
826	649
826	2678
828	200
828	754
828	1152
828	1228
831	1391
833	53
833	671
833	2442
835	39
835	84
835	192
835	196
835	754
835	1159
835	1267
835	2044
835	2441
835	2454
838	73
838	206
838	372
838	541
838	1116
838	1168
838	1240
840	605
841	202
841	1707
843	73
843	77
843	104
843	106
843	108
843	109
843	118
843	132
843	134
843	135
843	136
843	140
843	143
843	146
843	149
843	164
843	170
843	332
843	388
843	512
843	521
843	660
843	867
843	868
843	876
843	895
843	1103
843	1234
843	1290
843	1305
843	2044
843	2055
843	2114
843	2589
844	234
844	660
844	663
844	664
844	667
844	709
844	778
844	1399
844	1520
844	1760
844	2198
844	2316
844	2433
844	2440
844	2547
844	2559
844	2710
845	212
845	439
845	476
845	615
845	2597
845	2634
846	1598
846	1728
847	2401
847	2521
848	371
848	740
849	154
849	185
849	219
851	67
851	208
851	445
852	1088
853	978
853	2452
853	2509
854	642
854	644
854	1212
854	1413
854	2718
855	170
857	883
857	1203
857	1518
857	1812
857	1923
857	1987
857	2597
857	2604
858	854
858	929
858	1044
858	1301
859	615
859	665
859	911
859	1065
859	1691
859	1748
859	1766
859	1807
859	2232
859	2414
859	2433
859	2438
859	2552
860	10
860	208
860	361
862	94
862	392
862	911
862	1065
862	1247
862	1332
862	1342
862	1742
862	2467
862	2535
862	2665
864	1231
864	1365
864	1435
864	1436
864	1469
864	1538
864	1539
864	1542
864	1543
864	1544
867	333
867	509
867	673
868	597
868	2114
869	149
869	333
869	1342
870	41
870	241
870	372
870	444
870	770
870	1311
874	859
875	332
875	389
875	2707
876	62
876	73
876	177
876	204
876	250
876	335
876	922
876	1208
876	2044
876	2591
876	2698
877	1468
877	1852
877	1857
877	1907
877	1963
877	1976
877	2649
878	79
878	1312
878	1910
878	2640
879	222
879	1126
881	131
881	348
881	1169
881	1203
882	348
882	478
882	1235
882	1628
882	1751
884	352
884	1565
884	1937
884	2042
884	2081
884	2107
884	2109
884	2125
884	2128
884	2206
884	2517
884	2531
884	2666
885	116
885	600
885	976
885	2102
887	73
887	2462
890	339
890	887
890	1220
890	1399
890	1628
890	1777
890	2711
891	660
892	80
892	295
892	1237
892	1475
892	1476
892	1478
892	1776
892	1948
892	1967
892	2020
892	2155
892	2160
893	174
893	683
894	1552
894	1988
894	2636
895	149
895	333
895	552
895	673
895	843
895	869
896	41
896	183
896	372
896	444
896	868
896	879
897	1000
897	1001
898	1583
898	2582
899	1551
899	2316
899	2383
900	204
900	2591
901	374
901	635
901	648
901	772
901	979
901	1038
902	25
902	624
903	674
903	872
904	406
904	537
904	543
904	660
904	757
904	1223
907	77
907	173
907	444
907	507
907	785
907	789
907	1413
908	1223
909	1223
911	52
911	124
911	233
911	469
911	641
911	862
911	1132
911	1374
911	1747
911	1793
911	2175
911	2553
912	204
912	1382
912	2563
913	170
913	1742
913	2370
913	2441
913	2660
914	362
914	1221
914	1366
914	1548
914	1549
914	1550
914	2121
916	2433
918	757
918	1026
918	1223
918	1281
918	1282
918	1718
918	2320
918	2602
918	2711
919	200
919	808
919	844
919	918
919	1060
919	1191
919	1281
919	1841
919	1962
919	2086
919	2194
919	2205
919	2316
919	2433
919	2440
919	2688
922	1084
922	1118
922	1267
923	1267
925	2463
926	79
926	816
926	1324
926	1736
926	2130
927	334
927	633
927	634
927	2593
929	73
929	1044
929	2594
930	1121
930	1179
933	218
933	755
935	1223
936	406
936	600
936	641
936	660
936	757
936	896
936	937
936	1223
938	943
940	200
940	537
940	678
940	757
940	1228
940	1895
941	523
941	543
941	936
941	1749
942	401
942	1951
943	543
944	183
944	787
948	2452
949	381
949	2102
950	216
951	411
951	978
952	1916
952	2325
953	516
954	1077
956	189
956	901
956	1189
956	1218
956	1241
958	1718
960	2510
962	625
963	757
963	1228
964	1194
965	381
965	383
965	597
965	868
966	179
966	343
967	177
967	526
967	933
968	218
968	396
968	563
968	1011
968	2282
969	251
969	845
970	764
972	937
973	820
973	1139
973	1370
973	1742
973	1986
973	2509
973	2645
974	2286
976	94
976	575
976	2200
976	2296
977	2285
978	64
978	252
980	2556
982	845
983	73
984	2407
985	77
985	803
986	957
987	999
989	740
990	1441
990	1442
990	1492
990	1911
992	434
992	437
992	1586
992	2172
993	1859
996	793
997	2518
997	2614
999	102
999	206
999	271
999	654
999	713
999	844
999	1079
999	1389
999	1399
999	1423
999	1750
1000	959
1001	897
1002	187
1002	206
1002	249
1002	478
1002	582
1002	715
1002	720
1002	1162
1002	1169
1002	1287
1002	1398
1002	1595
1002	1751
1002	2198
1002	2395
1002	2435
1003	635
1003	649
1003	825
1003	827
1003	1106
1005	1009
1006	406
1006	936
1007	641
1008	660
1008	1011
1008	1588
1009	1007
1010	253
1010	792
1010	903
1010	1588
1011	570
1011	631
1011	792
1011	903
1011	1020
1012	1146
1013	1075
1013	1241
1015	448
1016	253
1017	129
1018	445
1023	1960
1024	641
1024	1225
1026	820
1026	2433
1027	190
1027	1044
1029	26
1029	29
1029	363
1029	375
1030	330
1030	675
1030	807
1030	1201
1030	1220
1030	1749
1030	2286
1030	2320
1030	2710
1031	208
1031	336
1032	851
1032	980
1032	2491
1032	2556
1033	575
1034	2705
1036	1027
1037	478
1037	582
1037	722
1037	1285
1039	2596
1040	196
1040	851
1041	39
1041	201
1041	1087
1041	1116
1042	53
1042	67
1042	411
1042	505
1042	830
1042	934
1042	1139
1042	1950
1042	2037
1043	400
1043	901
1043	1238
1044	648
1044	900
1044	929
1044	1086
1044	1891
1044	2425
1044	2678
1045	129
1047	2719
1048	251
1048	640
1048	845
1049	649
1049	1212
1049	2510
1050	1075
1050	1130
1050	1149
1050	1302
1050	1897
1050	2274
1051	71
1051	633
1051	1268
1051	1303
1051	1891
1052	526
1052	528
1052	563
1052	674
1052	968
1053	507
1053	2274
1054	332
1054	521
1056	25
1056	2454
1059	107
1059	472
1059	575
1059	833
1059	1223
1059	2503
1060	161
1060	433
1060	666
1060	888
1060	906
1060	918
1060	1025
1060	1026
1060	1058
1060	1061
1060	1067
1060	1276
1060	1424
1060	1432
1060	1795
1060	1947
1060	2033
1060	2284
1060	2287
1060	2389
1060	2462
1060	2472
1060	2689
1060	2703
1062	1091
1063	647
1065	52
1065	406
1065	627
1065	725
1065	859
1065	884
1065	976
1065	1033
1065	1066
1065	1223
1065	1426
1065	1612
1065	1874
1065	1898
1065	2102
1065	2118
1065	2175
1065	2203
1065	2414
1065	2516
1065	2558
1065	2559
1068	374
1068	956
1069	1304
1071	25
1071	190
1071	1891
1072	780
1075	646
1075	956
1075	1241
1075	1304
1076	370
1076	507
1076	687
1077	50
1077	948
1077	1031
1077	1240
1078	1218
1079	339
1079	999
1079	1187
1079	1273
1081	669
1081	1257
1081	1798
1082	1080
1082	1576
1083	1359
1084	660
1084	1169
1084	2436
1084	2589
1086	28
1086	75
1086	192
1086	372
1086	757
1086	835
1086	855
1086	2045
1086	2454
1086	2589
1086	2596
1087	1106
1087	1696
1089	345
1089	621
1089	1106
1089	2144
1089	2192
1089	2594
1089	2670
1089	2680
1091	626
1091	1226
1091	1829
1092	859
1092	1180
1092	2434
1093	1782
1094	89
1095	2594
1095	2634
1096	325
1096	859
1096	1898
1096	2102
1097	254
1097	255
1097	926
1097	1100
1097	1148
1097	1221
1097	1791
1097	1976
1097	2649
1098	977
1098	1099
1098	1920
1098	2076
1098	2188
1098	2540
1098	2587
1098	2649
1098	2667
1099	1098
1099	1562
1099	2258
1099	2439
1099	2542
1099	2550
1099	2667
1100	306
1100	717
1100	878
1100	1060
1100	1451
1100	1525
1100	1864
1100	2445
1100	2690
1101	1355
1101	1409
1101	2521
1102	601
1103	725
1103	757
1103	2039
1104	2595
1106	345
1106	560
1106	886
1106	1089
1106	1172
1106	2372
1106	2591
1106	2594
1106	2656
1106	2670
1113	2589
1114	575
1114	911
1114	1449
1114	1686
1114	1809
1114	1996
1114	2036
1114	2175
1114	2657
1115	149
1115	444
1115	507
1115	838
1115	1168
1116	33
1116	634
1116	901
1116	1042
1116	2595
1118	429
1118	621
1118	660
1118	876
1118	900
1118	923
1118	1208
1118	1813
1118	2454
1118	2594
1118	2597
1119	911
1119	1114
1119	1300
1119	1782
1119	2438
1119	2657
1120	2446
1122	188
1122	278
1122	351
1122	538
1122	725
1122	779
1122	788
1122	800
1122	885
1122	1223
1123	383
1123	858
1123	1043
1124	158
1126	41
1126	615
1126	1074
1127	206
1127	576
1127	665
1127	859
1127	1342
1127	1358
1127	1751
1127	2461
1127	2565
1128	161
1128	942
1130	1053
1130	1074
1131	642
1131	764
1131	1413
1131	1877
1132	633
1132	1049
1137	1135
1137	1136
1137	1440
1138	448
1138	1331
1139	878
1139	913
1139	2181
1139	2533
1139	2536
1142	635
1143	1285
1144	580
1144	1599
1144	1821
1145	248
1145	1049
1145	1140
1146	642
1146	971
1146	1012
1146	1084
1146	1126
1146	1138
1146	1145
1146	1650
1148	320
1148	699
1148	1477
1148	1862
1148	1913
1148	2011
1148	2515
1148	2590
1149	431
1149	820
1149	887
1149	1323
1149	1719
1149	1951
1149	2645
1150	42
1150	154
1150	195
1150	203
1150	2441
1150	2453
1151	1228
1152	887
1152	893
1157	829
1157	1993
1163	1202
1163	1410
1163	2460
1166	182
1166	216
1166	1020
1168	29
1168	170
1168	444
1168	787
1168	789
1169	210
1169	285
1169	286
1169	421
1169	696
1169	1170
1169	1206
1169	1207
1169	1230
1169	1621
1169	2161
1169	2230
1169	2269
1169	2270
1169	2271
1169	2311
1174	240
1174	414
1174	1276
1174	2284
1176	2175
1178	449
1178	1114
1178	1669
1179	204
1179	991
1179	1121
1179	1255
1179	1427
1179	2481
1179	2610
1181	206
1181	2204
1183	2227
1185	432
1187	414
1187	1079
1187	1273
1187	1406
1187	2419
1188	1396
1189	1084
1190	625
1192	290
1192	890
1192	1200
1192	1202
1192	2046
1192	2440
1192	2703
1192	2707
1193	1299
1194	625
1196	845
1196	2562
1197	56
1197	221
1197	255
1197	368
1197	1689
1199	339
1200	808
1200	818
1200	820
1200	864
1200	918
1200	1025
1200	1223
1200	1323
1200	1545
1200	1718
1200	1959
1200	2156
1200	2371
1201	36
1201	2320
1201	2420
1201	2433
1202	610
1202	663
1202	667
1202	1849
1202	2195
1202	2708
1204	66
1204	336
1204	1205
1204	1916
1208	392
1209	1392
1209	1404
1209	1517
1210	899
1211	362
1211	413
1211	814
1211	1169
1211	2466
1211	2494
1211	2544
1211	2639
1212	95
1212	190
1212	364
1212	648
1212	858
1212	929
1212	1049
1212	1124
1212	1413
1212	1891
1212	2426
1212	2589
1212	2594
1212	2598
1213	398
1213	646
1213	900
1213	1086
1213	2595
1214	73
1214	170
1214	633
1214	2676
1215	271
1216	1258
1218	1003
1218	1304
1218	2592
1219	1228
1220	347
1220	603
1220	1201
1220	1406
1220	1628
1220	1777
1220	1951
1220	2320
1220	2433
1220	2613
1220	2707
1221	1484
1221	1550
1222	99
1222	1796
1222	2036
1222	2177
1223	104
1223	108
1223	113
1223	114
1223	119
1223	278
1223	351
1223	453
1223	454
1223	461
1223	463
1223	538
1223	589
1223	590
1223	592
1223	699
1223	800
1223	803
1223	820
1223	832
1223	843
1223	873
1223	889
1223	1129
1223	1267
1223	1272
1223	2118
1223	2328
1224	381
1224	507
1224	641
1224	789
1224	794
1224	901
1224	929
1224	1131
1225	198
1225	641
1225	1036
1225	1116
1226	58
1227	1636
1227	2005
1228	210
1228	828
1228	1221
1232	94
1232	406
1232	660
1232	1843
1232	2502
1232	2637
1232	2644
1232	2700
1233	385
1233	1481
1233	1820
1233	2478
1234	1089
1234	1223
1235	409
1235	2705
1238	400
1238	615
1238	772
1238	794
1240	409
1240	626
1240	633
1240	913
1242	941
1244	1139
1245	372
1247	859
1248	2675
1249	223
1249	234
1249	999
1250	234
1250	1286
1251	652
1251	1577
1251	2003
1253	306
1253	471
1253	813
1253	1572
1253	2535
1254	1545
1254	1558
1254	1594
1254	2672
1255	1492
1255	2611
1257	655
1257	701
1257	820
1257	1355
1257	1424
1258	255
1258	826
1258	827
1258	1106
1260	1719
1262	438
1262	805
1262	1253
1263	325
1263	725
1263	865
1263	1272
1263	1898
1267	429
1267	1084
1267	1106
1267	1923
1267	2416
1267	2598
1268	189
1268	251
1269	2491
1270	808
1270	1281
1270	1552
1270	1910
1270	1921
1270	1986
1270	2205
1270	2420
1270	2440
1270	2461
1270	2636
1271	2689
1272	2175
1273	102
1273	234
1273	271
1273	666
1273	1060
1273	1080
1273	1082
1273	1392
1273	2010
1273	2449
1273	2554
1273	2710
1274	441
1274	1487
1274	2090
1274	2092
1274	2150
1275	1505
1275	1941
1275	2090
1275	2139
1275	2140
1275	2234
1275	2297
1275	2311
1275	2312
1275	2427
1275	2544
1276	161
1276	820
1276	912
1276	2194
1276	2641
1276	2675
1279	131
1280	2448
1281	161
1281	906
1281	1060
1281	1174
1281	1373
1281	1468
1281	1471
1281	1534
1281	1734
1281	1795
1281	1839
1281	1866
1281	1878
1281	2047
1281	2172
1281	2287
1281	2645
1282	1795
1283	2116
1285	146
1286	102
1286	894
1286	1609
1286	1841
1286	2554
1287	837
1287	2046
1287	2414
1287	2420
1288	1971
1290	62
1290	158
1290	164
1290	210
1290	372
1290	510
1290	575
1290	1221
1290	2044
1291	584
1291	901
1291	1258
1300	306
1300	335
1300	721
1300	725
1300	1114
1300	1178
1300	1748
1300	2552
1301	858
1302	212
1302	1050
1302	1115
1302	1130
1303	75
1303	1149
1303	1155
1303	1707
1303	1897
1303	2594
1304	84
1304	255
1304	1078
1304	1718
1304	2676
1305	2463
1308	980
1308	1232
1309	1492
1310	2491
1311	193
1312	1446
1312	1465
1312	1708
1312	1731
1312	1834
1312	1836
1313	838
1314	302
1314	455
1314	1602
1315	1554
1316	179
1316	343
1318	168
1318	242
1318	253
1318	673
1318	954
1319	279
1320	231
1320	518
1320	786
1320	1168
1320	1319
1320	2453
1322	2164
1324	1866
1324	2022
1324	2682
1325	660
1325	1648
1325	2325
1326	2623
1327	2547
1328	55
1328	757
1328	952
1329	601
1329	757
1329	914
1329	1453
1329	1535
1329	2006
1329	2013
1329	2344
1329	2535
1329	2721
1331	231
1331	569
1332	859
1332	1342
1332	1923
1332	2455
1333	1060
1336	1060
1336	1996
1336	2559
1339	1752
1340	1283
1341	145
1341	912
1341	1545
1341	2601
1342	90
1342	665
1342	762
1342	1146
1342	2114
1342	2455
1352	666
1352	1102
1352	1355
1352	1424
1352	2427
1352	2521
1355	349
1355	701
1355	1257
1355	1408
1355	1429
1355	1451
1356	1393
1359	2309
1359	2652
1359	2662
1360	1416
1370	350
1370	1986
1370	2675
1373	224
1373	483
1373	490
1373	1991
1374	997
1374	1748
1374	2085
1374	2103
1375	243
1376	94
1376	204
1376	335
1376	698
1376	1255
1376	1357
1376	1635
1376	2438
1376	2657
1377	477
1377	581
1377	670
1377	911
1377	1358
1377	1518
1377	1519
1377	1946
1377	1996
1377	2434
1378	1526
1379	360
1379	1163
1379	1751
1379	2415
1381	1293
1381	1606
1381	1642
1381	1644
1381	1678
1381	1815
1381	2321
1382	36
1382	2203
1383	1748
1383	1923
1383	2597
1383	2608
1383	2682
1384	601
1384	1065
1384	1602
1384	1994
1388	1565
1388	2098
1389	206
1389	348
1389	663
1389	709
1389	716
1389	1060
1389	1082
1389	1163
1389	1187
1389	1267
1389	1352
1389	1392
1389	1399
1389	1404
1389	1406
1389	1422
1389	1429
1389	1451
1389	1517
1389	2010
1389	2559
1389	2579
1389	2675
1389	2710
1390	1565
1391	852
1392	717
1392	1746
1393	1384
1393	1405
1398	670
1398	1002
1398	1181
1398	1283
1398	1400
1398	2448
1399	69
1399	223
1399	347
1399	579
1399	638
1399	706
1399	757
1399	820
1399	1276
1399	1307
1399	1329
1399	2044
1399	2417
1399	2567
1401	339
1401	1220
1401	1399
1401	1406
1401	2710
1403	2511
1404	1393
1405	1671
1405	1903
1406	102
1406	700
1406	739
1406	826
1406	1895
1406	1962
1408	1430
1408	1444
1408	1445
1408	1448
1409	1101
1409	1355
1409	1797
1409	1798
1409	2370
1409	2398
1409	2399
1410	206
1410	656
1410	1910
1410	2047
1410	2420
1410	2574
1411	1447
1411	1448
1411	1608
1411	1810
1411	2498
1412	1060
1412	2646
1413	72
1413	170
1413	337
1413	382
1413	426
1413	604
1413	913
1413	917
1413	1085
1413	1139
1413	1330
1413	1471
1413	1541
1413	1699
1413	1740
1413	1763
1413	1868
1413	2330
1413	2388
1413	2409
1413	2720
1414	1355
1414	1390
1414	1680
1417	1102
1417	1259
1417	1802
1417	2221
1418	234
1418	661
1418	669
1418	820
1418	1257
1418	1423
1419	1423
1420	1602
1423	330
1423	414
1423	1060
1423	1273
1423	1406
1423	1609
1423	1749
1424	210
1424	306
1424	349
1424	362
1424	666
1424	717
1424	1060
1424	1257
1424	1355
1424	1384
1424	1434
1424	1437
1424	1451
1424	1473
1424	1512
1424	1634
1424	1792
1424	2010
1424	2370
1424	2645
1425	2434
1426	469
1426	575
1426	698
1426	725
1426	1022
1426	1119
1426	1180
1426	1332
1426	1782
1427	73
1427	407
1427	430
1429	724
1429	1164
1429	1439
1429	1492
1429	1493
1429	1518
1429	1563
1429	1564
1429	2671
1430	478
1430	993
1430	1499
1431	2462
1431	2720
1432	161
1432	508
1432	2287
1433	1569
1433	1649
1433	2071
1433	2183
1433	2184
1433	2185
1449	1378
1449	2213
1449	2485
1450	306
1450	610
1451	258
1451	321
1451	393
1451	931
1451	1474
1451	1684
1451	2322
1451	2443
1458	413
1458	2466
1458	2515
1458	2617
1459	359
1459	877
1459	1486
1459	1497
1459	1651
1463	820
1463	2427
1466	1286
1466	1464
1466	2685
1467	1429
1467	1699
1467	1752
1467	2511
1467	2575
1468	1512
1468	2025
1468	2126
1469	1537
1469	1538
1469	2540
1471	558
1471	1472
1471	1625
1471	1630
1471	2007
1471	2009
1471	2014
1471	2042
1471	2070
1471	2076
1471	2128
1471	2129
1471	2189
1471	2261
1471	2351
1471	2519
1473	293
1473	294
1473	296
1473	313
1473	319
1473	1236
1473	1237
1473	1477
1473	1478
1473	1968
1479	69
1479	210
1479	820
1479	1434
1479	2141
1479	2641
1480	2478
1481	1436
1482	1211
1483	926
1483	1469
1483	1862
1483	2194
1483	2287
1483	2444
1484	1221
1485	362
1486	2323
1489	312
1489	2054
1489	2370
1495	907
1496	1405
1496	1497
1496	1502
1496	1803
1496	2444
1497	224
1497	612
1497	1356
1497	1498
1497	1500
1497	1502
1497	1735
1499	1390
1499	1653
1500	1496
1500	1497
1500	1731
1500	2653
1502	612
1502	795
1502	1339
1506	2013
1508	952
1509	2257
1509	2524
1510	2180
1510	2229
1510	2230
1510	2268
1512	730
1512	2243
1512	2271
1514	1504
1514	1511
1514	1513
1514	2241
1514	2249
1514	2254
1514	2256
1514	2294
1514	2295
1517	714
1517	844
1517	1220
1517	1399
1518	581
1518	717
1518	793
1518	1996
1518	2003
1518	2447
1519	1561
1519	2448
1520	257
1520	478
1520	601
1520	1337
1520	1384
1520	1602
1520	2172
1520	2462
1520	2536
1520	2628
1521	359
1521	611
1521	877
1521	1651
1521	1842
1521	2657
1521	2684
1522	1605
1522	1655
1523	2282
1530	1840
1530	2436
1530	2462
1534	1470
1535	2229
1545	676
1545	814
1545	863
1545	912
1545	992
1545	1098
1545	1254
1545	1329
1545	1360
1545	1408
1545	1412
1545	1429
1545	1433
1545	1461
1545	1512
1545	1718
1545	1982
1545	1991
1545	2115
1545	2172
1545	2379
1545	2579
1545	2646
1551	911
1551	1639
1551	2085
1552	350
1552	610
1552	654
1552	844
1552	894
1552	1398
1552	1424
1552	1839
1552	1849
1552	2232
1552	2440
1552	2559
1552	2575
1552	2636
1552	2675
1553	36
1553	210
1553	234
1553	1357
1553	1412
1553	1742
1553	1747
1553	1818
1553	2418
1553	2427
1553	2509
1553	2559
1553	2571
1553	2577
1554	1780
1556	258
1556	973
1556	1709
1556	1742
1558	1335
1558	1533
1558	1850
1559	2057
1561	2007
1561	2008
1561	2519
1562	1519
1562	2343
1565	847
1565	1418
1565	2081
1565	2084
1565	2109
1565	2211
1571	41
1571	754
1571	1084
1573	257
1573	272
1573	1468
1573	1471
1573	1658
1573	2482
1573	2540
1573	2542
1575	712
1576	1389
1579	990
1580	1343
1580	1420
1580	1519
1580	1602
1580	1606
1581	294
1581	296
1581	313
1581	314
1581	1148
1581	1477
1581	2012
1583	519
1584	1594
1585	1521
1585	2375
1589	542
1589	545
1589	570
1589	755
1589	1052
1590	72
1590	1106
1590	1149
1591	238
1591	274
1591	544
1591	769
1592	250
1592	673
1592	1641
1595	348
1595	1921
1596	52
1596	187
1596	1203
1596	2198
1596	2395
1596	2547
1597	2462
1598	877
1601	2005
1602	407
1602	486
1602	501
1602	503
1602	555
1603	1680
1607	1608
1607	2111
1607	2112
1607	2222
1607	2224
1607	2306
1609	1384
1609	1489
1609	1584
1609	1802
1610	1390
1610	2095
1610	2104
1612	348
1612	381
1612	660
1612	1196
1612	1383
1612	1783
1612	1935
1612	1946
1612	2199
1612	2353
1612	2547
1612	2559
1613	1250
1613	1257
1613	1384
1613	1422
1613	2445
1628	146
1628	2450
1628	2488
1634	1333
1637	2524
1638	612
1638	1360
1638	2194
1638	2651
1638	2686
1639	87
1639	94
1639	169
1639	575
1639	725
1639	976
1639	1065
1639	1195
1639	1551
1639	1612
1639	1783
1639	1946
1639	2085
1639	2200
1639	2331
1639	2374
1639	2455
1640	166
1641	148
1641	157
1641	168
1641	245
1643	967
1645	173
1645	550
1645	785
1650	183
1650	641
1650	1588
1651	1496
1651	1497
1652	1342
1652	1766
1652	2669
1654	1351
1654	1442
1654	1712
1654	2172
1654	2212
1654	2260
1658	1231
1658	1568
1658	1657
1669	1821
1669	2565
1671	2531
1672	583
1672	1356
1672	1465
1672	1496
1672	1733
1672	1803
1672	1836
1673	335
1673	716
1673	1457
1673	1674
1673	2541
1677	2671
1678	492
1678	494
1678	793
1678	1528
1678	2549
1679	1148
1679	1933
1679	1956
1679	2036
1679	2203
1679	2515
1679	2525
1679	2610
1681	1098
1681	1521
1681	1561
1681	1598
1681	1735
1681	1756
1681	2494
1682	1693
1686	1553
1687	435
1687	1796
1687	1819
1687	1933
1687	2343
1687	2694
1688	1416
1688	1497
1689	72
1689	254
1690	2370
1691	335
1691	449
1691	859
1691	1065
1691	1898
1692	997
1692	2462
1693	619
1694	1827
1694	1916
1694	2462
1694	2542
1696	2530
1698	2531
1699	1060
1699	1402
1699	2559
1700	2668
1703	1735
1706	103
1706	2607
1707	255
1707	2325
1707	2529
1710	991
1710	995
1710	1584
1711	1574
1712	990
1712	1343
1712	1345
1712	1351
1712	1422
1712	1445
1712	1531
1712	1654
1712	2255
1712	2534
1713	1450
1714	1859
1716	808
1716	2141
1717	385
1717	2164
1718	372
1718	426
1718	614
1718	1151
1718	1340
1718	1413
1718	1468
1718	1545
1718	2441
1718	2681
1718	2720
1723	480
1723	482
1723	1295
1723	1296
1723	1443
1723	1444
1723	1445
1723	1448
1723	2252
1723	2277
1724	665
1725	68
1725	407
1725	1813
1726	2566
1728	430
1728	1407
1728	1729
1730	1236
1730	1451
1730	1644
1730	1727
1730	2560
1730	2666
1731	1467
1731	1656
1731	1733
1734	432
1734	1468
1735	1702
1736	1465
1736	1926
1736	1927
1736	2060
1736	2379
1736	2573
1738	1739
1741	1742
1741	2202
1742	973
1742	1556
1742	1741
1742	2202
1743	1342
1743	1633
1743	1806
1743	2710
1748	335
1748	1114
1748	1181
1748	1332
1748	1518
1748	1692
1748	1723
1748	1898
1748	1917
1748	2196
1748	2225
1748	2553
1748	2659
1749	517
1749	543
1749	739
1749	941
1749	2582
1749	2619
1749	2702
1749	2710
1749	2711
1751	1071
1751	1709
1752	497
1752	847
1752	1430
1752	1453
1752	1467
1752	1558
1752	1638
1752	1680
1752	2397
1752	2401
1752	2628
1752	2672
1753	207
1753	745
1758	161
1758	632
1760	610
1760	664
1760	697
1760	709
1760	710
1760	714
1760	821
1760	1209
1760	1379
1760	1397
1760	2396
1762	1745
1764	1500
1764	2399
1765	69
1765	784
1765	1719
1766	469
1766	1793
1767	2565
1768	1383
1768	1766
1770	1767
1771	1253
1771	1369
1771	1462
1771	1531
1773	1836
1774	1122
1777	890
1777	1220
1780	504
1781	1626
1781	2043
1781	2605
1782	793
1782	1691
1782	2364
1783	169
1783	381
1783	469
1783	844
1783	911
1783	1518
1783	1612
1783	1652
1783	1770
1783	1807
1783	2085
1783	2196
1783	2198
1783	2200
1783	2547
1783	2559
1791	1309
1793	151
1793	206
1793	911
1794	1349
1799	407
1800	1379
1802	1355
1802	1362
1802	1733
1802	1939
1802	2108
1803	884
1804	145
1804	2172
1804	2194
1804	2466
1804	2616
1805	911
1805	2198
1806	911
1806	2562
1811	77
1811	1718
1812	1682
1812	2238
1813	1118
1813	1267
1814	336
1814	877
1814	1105
1814	1843
1814	1907
1817	1822
1818	2172
1819	1687
1819	1906
1819	2036
1819	2465
1819	2691
1820	1658
1822	1828
1822	1991
1823	287
1824	1827
1824	1934
1824	2462
1825	859
1829	239
1829	1289
1830	435
1830	1407
1830	1529
1830	1791
1830	1880
1830	2101
1830	2633
1832	806
1839	1424
1839	2639
1840	1484
1841	234
1841	2533
1842	1532
1844	75
1845	857
1846	2690
1849	697
1849	710
1851	2096
1851	2462
1853	441
1853	479
1853	695
1853	928
1853	2092
1853	2150
1853	2230
1853	2250
1853	2462
1855	1594
1858	2686
1862	80
1862	1737
1862	1967
1862	2138
1863	263
1863	264
1863	506
1863	684
1863	2423
1864	1765
1873	1043
1873	1123
1874	834
1874	845
1874	1961
1874	2539
1876	79
1876	2239
1876	2301
1876	2346
1879	280
1879	432
1879	806
1879	1511
1879	2249
1879	2273
1879	2288
1879	2289
1880	1469
1881	1353
1881	1368
1885	1878
1886	877
1886	1580
1887	1223
1888	1239
1889	401
1889	761
1890	1246
1890	1264
1890	1697
1892	1893
1893	794
1893	1149
1893	1229
1893	1951
1894	761
1895	972
1896	439
1896	1377
1896	1518
1897	374
1898	725
1898	859
1898	911
1898	1114
1898	1342
1898	1996
1899	1318
1899	1319
1901	226
1901	673
1903	1714
1903	1859
1906	1679
1906	2343
1907	877
1907	1582
1907	2465
1907	2528
1907	2696
1912	2056
1913	1983
1914	1139
1914	2441
1914	2720
1916	1097
1916	1884
1917	94
1917	575
1917	627
1917	725
1917	727
1917	789
1917	1100
1917	1234
1917	1748
1917	1898
1917	1957
1917	1976
1917	2103
1917	2118
1917	2175
1918	1030
1918	1201
1918	2636
1920	877
1920	1099
1920	1582
1920	1909
1920	2632
1922	1412
1923	660
1923	2597
1923	2719
1933	359
1933	1679
1933	1814
1933	1909
1933	1976
1933	2116
1934	420
1934	479
1934	608
1934	1621
1934	1935
1934	2311
1935	285
1935	286
1935	427
1935	684
1935	691
1935	1171
1944	359
1944	1221
1944	1542
1944	1880
1944	2542
1945	959
1946	430
1946	469
1946	882
1946	1342
1946	1519
1946	1559
1946	1573
1946	1579
1946	1683
1946	1700
1946	2061
1946	2200
1946	2658
1947	918
1947	919
1947	1410
1947	2458
1947	2702
1947	2703
1947	2704
1947	2707
1949	471
1949	2115
1949	2695
1950	1572
1950	2345
1951	85
1951	820
1951	873
1951	1221
1952	1830
1952	2605
1953	1560
1953	1907
1953	2343
1953	2649
1953	2696
1954	64
1954	1097
1954	1935
1954	1963
1954	1976
1954	2462
1956	267
1956	928
1958	255
1958	809
1958	977
1958	1781
1958	1862
1958	2326
1958	2333
1959	1424
1960	24
1960	915
1961	100
1961	615
1961	789
1961	1070
1961	1084
1961	1100
1961	1122
1961	1232
1961	1233
1961	2413
1961	2539
1961	2608
1962	784
1962	1910
1963	1687
1963	1953
1963	2600
1963	2667
1964	1961
1975	2327
1975	2536
1976	1099
1976	1450
1976	1451
1976	1483
1976	1521
1976	1573
1976	1587
1976	1679
1976	1681
1976	1704
1976	1878
1976	1920
1976	1933
1976	2428
1976	2614
1976	2684
1978	432
1982	408
1982	1254
1982	1722
1983	722
1983	1373
1983	1766
1983	1913
1984	814
1984	1373
1984	1978
1984	1980
1984	2695
1985	757
1985	820
1985	1271
1985	2427
1988	1220
1989	430
1989	1573
1989	1602
1989	2448
1990	1373
1990	2228
1990	2229
1991	265
1991	287
1991	441
1991	1490
1991	1788
1991	1828
1991	1836
1991	1837
1991	2087
1991	2088
1991	2334
1991	2684
1992	1380
1995	1346
1995	1369
1995	1429
1995	1521
1995	1602
1996	1337
1996	1377
1996	1427
1996	1518
1996	1600
1996	1766
1996	1923
1996	2196
1996	2205
1996	2414
1996	2433
1996	2645
1998	79
1999	1602
2000	414
2000	1424
2001	2272
2001	2273
2003	192
2003	1144
2003	1520
2003	1896
2010	36
2010	716
2010	1060
2010	1352
2010	1408
2010	1430
2010	2559
2010	2675
2021	1553
2021	1896
2022	1707
2022	1811
2022	2238
2027	1487
2027	1490
2033	1433
2033	1540
2033	2071
2033	2539
2033	2593
2034	919
2037	450
2039	394
2044	62
2044	65
2044	75
2044	85
2044	108
2044	109
2044	112
2044	114
2044	117
2044	118
2044	119
2044	137
2044	138
2044	154
2044	170
2044	206
2044	215
2044	356
2044	372
2044	539
2044	785
2044	786
2044	787
2044	1168
2044	2372
2044	2454
2044	2509
2044	2556
2045	886
2046	206
2046	753
2046	912
2046	1192
2046	2710
2047	916
2047	1783
2048	605
2050	980
2050	1031
2050	2717
2054	2332
2054	2581
2057	607
2057	1622
2057	2193
2061	320
2061	2015
2061	2062
2061	2063
2085	94
2085	192
2085	432
2085	725
2085	914
2085	1065
2085	1100
2085	1114
2085	1169
2085	1382
2085	1587
2085	1639
2085	1878
2085	1910
2085	1918
2085	2547
2085	2559
2086	812
2086	2365
2086	2366
2102	575
2102	641
2102	862
2102	1898
2102	2175
2102	2606
2103	1912
2103	2414
2103	2482
2110	2607
2114	1054
2115	434
2115	1545
2115	1655
2116	1515
2116	2256
2116	2304
2117	2670
2118	725
2118	859
2118	1263
2118	1898
2118	1917
2118	2176
2120	89
2120	360
2120	1113
2120	1628
2130	1487
2141	1281
2141	2139
2141	2156
2142	79
2142	701
2142	1424
2142	2173
2142	2428
2142	2576
2152	926
2163	665
2163	703
2163	1127
2163	1669
2172	659
2172	1097
2172	1139
2172	1442
2172	1444
2172	1586
2172	1604
2172	1851
2172	2536
2172	2676
2175	100
2175	432
2175	469
2175	725
2175	911
2175	1917
2175	1976
2175	2200
2176	24
2176	784
2176	1281
2177	1471
2181	1139
2181	1149
2184	1433
2184	2326
2184	2697
2191	2369
2194	894
2194	1373
2194	1470
2194	1483
2194	1638
2194	2172
2194	2444
2194	2533
2194	2721
2196	348
2196	477
2196	722
2196	911
2196	1375
2196	1573
2196	1742
2196	1766
2196	1783
2196	1807
2196	1947
2196	2203
2196	2205
2196	2226
2196	2414
2196	2421
2196	2431
2196	2474
2196	2547
2196	2558
2196	2559
2197	2652
2197	2653
2198	2374
2199	1169
2199	1468
2199	1612
2199	1917
2199	2103
2199	2177
2199	2200
2199	2414
2199	2667
2200	352
2200	429
2200	725
2200	757
2200	976
2200	1165
2200	1196
2200	1210
2200	1223
2200	1639
2200	2065
2200	2085
2200	2454
2202	234
2203	1573
2203	1818
2203	2462
2203	2479
2203	2609
2205	206
2205	918
2205	919
2205	1220
2205	1406
2205	1556
2205	1686
2205	1734
2205	1946
2205	2204
2205	2395
2205	2420
2205	2440
2205	2461
2205	2582
2205	2607
2226	360
2226	478
2226	1398
2226	1783
2226	1918
2226	2460
2226	2704
2227	701
2227	1060
2232	894
2232	1060
2232	2675
2238	2529
2253	657
2253	1390
2253	2401
2274	1874
2275	192
2275	833
2280	521
2281	681
2282	526
2282	967
2282	1591
2283	1011
2285	103
2285	284
2285	2022
2285	2648
2285	2677
2287	864
2287	1200
2287	1281
2287	1432
2287	1545
2292	200
2296	976
2314	1342
2316	339
2316	610
2316	654
2316	713
2316	919
2316	1163
2316	1201
2316	1839
2316	2010
2316	2198
2318	192
2318	1149
2318	2442
2319	284
2319	2247
2320	675
2320	844
2320	2316
2320	2420
2320	2433
2320	2440
2320	2711
2325	62
2325	1040
2325	1707
2325	1916
2325	2717
2327	2181
2328	845
2328	2698
2332	1678
2332	1726
2332	2535
2337	1629
2337	2127
2340	1624
2340	1625
2340	2089
2340	2157
2342	403
2342	2020
2342	2070
2342	2157
2343	997
2343	2448
2345	418
2345	1572
2345	2480
2356	210
2356	737
2356	1483
2359	2460
2359	2704
2360	1476
2360	2018
2360	2019
2360	2136
2360	2347
2360	2507
2361	204
2361	409
2361	2328
2361	2591
2363	1234
2363	2118
2363	2176
2364	381
2365	2092
2366	1488
2368	1109
2368	2024
2368	2305
2369	287
2369	684
2369	812
2369	1991
2369	2240
2370	24
2370	69
2370	426
2370	1584
2370	1585
2370	1736
2370	1922
2370	2054
2370	2172
2370	2181
2370	2611
2370	2698
2371	282
2371	286
2371	399
2371	412
2371	422
2371	423
2371	660
2371	928
2371	1107
2371	1108
2371	1170
2371	1925
2371	1929
2371	1965
2371	1966
2371	2023
2371	2029
2371	2187
2371	2468
2371	2539
2371	2543
2374	429
2375	1473
2375	2573
2375	2694
2376	2422
2378	1065
2378	2103
2378	2421
2379	1928
2379	2289
2379	2295
2379	2303
2379	2310
2381	857
2381	884
2381	1203
2381	2418
2383	878
2384	47
2384	77
2384	82
2384	94
2384	206
2384	360
2384	372
2384	882
2384	1628
2384	2200
2384	2450
2385	1349
2385	1919
2385	1956
2385	1979
2386	1898
2387	559
2387	2159
2389	656
2389	1060
2389	1102
2389	1183
2389	1209
2389	1389
2389	1419
2389	2010
2389	2227
2389	2440
2395	100
2395	1784
2397	1440
2397	1847
2397	2097
2397	2100
2398	847
2400	1604
2401	1060
2401	1137
2401	1329
2401	1446
2401	1499
2401	2397
2402	451
2403	825
2403	833
2403	1123
2403	2627
2405	363
2405	623
2406	437
2406	438
2406	1952
2410	192
2410	208
2412	594
2412	741
2412	755
2412	826
2413	912
2413	1100
2413	1961
2413	2462
2414	257
2414	430
2414	583
2414	793
2414	997
2414	1065
2414	1408
2414	2608
2415	1342
2415	1921
2415	2395
2416	204
2417	200
2417	1000
2417	1406
2417	1641
2418	1089
2418	2670
2420	294
2420	300
2420	314
2420	317
2420	386
2420	558
2420	606
2420	864
2420	1236
2420	1537
2420	1617
2420	1618
2420	1625
2420	1668
2420	1948
2420	1968
2420	2016
2420	2028
2420	2126
2420	2494
2422	2193
2422	2424
2426	2598
2427	234
2427	407
2427	410
2427	793
2427	1487
2427	1725
2427	2030
2427	2092
2427	2140
2427	2527
2427	2683
2427	2686
2427	2689
2428	1359
2428	2430
2428	2571
2429	1273
2430	2585
2431	973
2431	1389
2431	1414
2431	1565
2431	1859
2431	2375
2432	2454
2433	312
2433	803
2433	913
2433	916
2433	1026
2433	1098
2433	1352
2433	1451
2433	2320
2433	2427
2433	2639
2433	2646
2433	2675
2434	233
2434	477
2434	911
2434	1092
2434	1374
2434	1408
2434	1453
2434	1517
2434	1518
2434	1536
2434	1573
2434	1806
2434	1994
2434	2204
2434	2461
2434	2552
2434	2562
2434	2645
2435	478
2435	576
2435	2198
2435	2669
2436	169
2436	660
2436	776
2436	1208
2436	1917
2436	2508
2436	2539
2437	1352
2437	1404
2437	2419
2438	94
2438	335
2438	611
2438	817
2438	997
2438	1376
2438	1451
2438	1452
2438	1473
2438	1748
2438	1761
2438	1880
2438	1955
2438	2478
2438	2614
2438	2628
2438	2657
2440	161
2440	349
2440	362
2440	912
2440	1429
2440	1535
2440	1565
2440	2375
2440	2531
2440	2607
2440	2675
2441	142
2441	170
2441	186
2441	197
2441	202
2441	215
2441	221
2441	394
2441	913
2441	1312
2441	2044
2441	2698
2441	2720
2444	611
2444	1459
2444	2616
2446	930
2446	1424
2446	2172
2446	2509
2446	2645
2447	35
2447	306
2447	477
2447	579
2447	610
2447	660
2447	784
2447	803
2447	1323
2447	1385
2447	1631
2447	1740
2447	1867
2447	1934
2447	2416
2447	2494
2447	2533
2447	2601
2447	2645
2447	2682
2447	2701
2448	359
2448	621
2448	1114
2448	1300
2448	2444
2448	2670
2448	2693
2449	2611
2450	207
2450	1379
2450	1800
2450	2120
2450	2384
2452	768
2452	825
2452	1240
2452	2045
2452	2453
2453	62
2453	757
2453	768
2453	2452
2454	21
2454	73
2454	115
2454	204
2454	376
2454	541
2454	621
2454	841
2454	1089
2454	1223
2454	2044
2454	2453
2455	1210
2457	2454
2458	1202
2458	2627
2459	83
2459	192
2459	197
2459	256
2459	316
2459	2441
2461	233
2461	477
2461	478
2461	1114
2461	1358
2461	1612
2461	1793
2461	1898
2461	2204
2461	2547
2461	2704
2462	1227
2462	1493
2462	1914
2462	2377
2462	2418
2462	2448
2462	2535
2462	2610
2463	80
2463	1094
2463	2464
2464	291
2464	2394
2465	1373
2465	1822
2466	1944
2467	372
2467	395
2467	861
2467	929
2467	971
2467	1413
2467	2200
2472	2521
2473	215
2473	929
2475	1972
2476	1624
2476	2326
2476	2420
2477	2059
2478	411
2478	2478
2479	2524
2481	204
2481	1713
2481	2462
2481	2566
2482	1335
2482	2066
2483	559
2483	2076
2483	2089
2483	2132
2483	2154
2484	1378
2484	1816
2484	1973
2484	2106
2484	2213
2485	724
2485	2214
2486	820
2486	1276
2486	1463
2486	1705
2488	91
2488	1084
2489	80
2489	292
2489	293
2489	1967
2490	1862
2490	2357
2491	505
2491	671
2491	2285
2491	2500
2492	1934
2493	1958
2494	737
2494	1537
2494	1623
2494	1624
2494	1625
2494	1627
2494	2009
2494	2017
2494	2025
2494	2069
2494	2126
2494	2258
2494	2259
2494	2420
2500	977
2500	2556
2501	333
2502	2408
2503	174
2503	1152
2504	757
2504	2604
2505	537
2505	1320
2507	352
2507	609
2507	2333
2507	2340
2509	257
2509	258
2509	312
2509	349
2509	637
2509	892
2509	916
2509	1100
2509	1149
2509	1152
2509	1517
2509	1553
2509	1709
2509	1734
2509	1792
2509	1841
2509	1923
2509	2010
2509	2232
2509	2418
2509	2446
2509	2620
2509	2675
2510	206
2510	579
2510	1202
2510	2530
2511	613
2511	1361
2511	1363
2511	1416
2511	1516
2511	1604
2511	1605
2511	1745
2511	1762
2511	1785
2511	2355
2512	1952
2515	267
2515	479
2515	696
2515	1347
2515	1472
2515	1799
2515	2085
2515	2377
2515	2423
2517	627
2517	803
2517	1065
2517	2065
2517	2118
2518	314
2518	1477
2521	2389
2521	2391
2524	699
2524	1470
2526	664
2528	2064
2529	252
2529	2238
2529	2325
2529	2631
2530	1399
2530	1951
2531	2278
2531	2532
2533	64
2533	99
2533	926
2533	1468
2533	1530
2533	1557
2533	1791
2533	1976
2533	2046
2533	2358
2533	2586
2535	813
2535	863
2535	914
2535	1253
2535	1274
2535	1381
2535	1408
2535	1468
2535	1469
2535	1470
2535	1582
2535	1678
2535	1830
2535	1944
2535	2005
2535	2061
2535	2181
2535	2332
2535	2360
2535	2454
2535	2462
2535	2502
2535	2656
2535	2681
2536	660
2536	1699
2538	1283
2538	1845
2539	774
2539	2436
2540	877
2540	1098
2540	2124
2540	2420
2540	2600
2540	2649
2540	2681
2542	1344
2542	1354
2542	1420
2542	1532
2542	1728
2542	2217
2542	2218
2542	2220
2542	2322
2542	2323
2542	2404
2542	2456
2543	1366
2543	2368
2544	866
2544	2140
2544	2237
2544	2336
2546	1898
2547	94
2547	206
2547	469
2547	478
2547	715
2547	884
2547	911
2547	1169
2547	1377
2547	1579
2547	1614
2547	1806
2547	1807
2547	1852
2547	1946
2547	2085
2547	2103
2547	2203
2547	2204
2547	2205
2547	2434
2548	1813
2550	1791
2551	859
2551	862
2551	1065
2551	1898
2551	1917
2551	2118
2554	234
2554	820
2554	1273
2554	1276
2554	1451
2554	1749
2554	1839
2554	2433
2554	2675
2556	366
2556	1694
2557	1898
2557	2699
2558	100
2558	1880
2558	1881
2558	1898
2558	2118
2558	2352
2558	2386
2558	2540
2558	2557
2559	210
2559	349
2559	627
2559	701
2559	717
2559	1060
2559	1065
2559	1352
2559	1409
2559	1424
2559	1552
2559	1748
2559	1917
2559	2085
2559	2101
2559	2232
2559	2554
2559	2657
2559	2675
2559	2710
2560	884
2560	1794
2561	204
2561	1065
2561	1288
2561	1327
2561	1934
2561	2066
2561	2477
2561	2540
2561	2657
2562	1084
2562	2435
2564	145
2564	699
2564	2507
2564	2668
2565	90
2565	1669
2565	2383
2565	2455
2566	1368
2566	1369
2566	1726
2567	1089
2567	2509
2574	1379
2575	161
2575	1467
2575	1955
2575	2370
2575	2433
2576	1227
2576	1473
2576	2370
2576	2660
2578	726
2578	1424
2578	1959
2579	2248
2579	2263
2579	2584
2579	2675
2580	475
2581	258
2581	656
2581	1209
2581	1430
2581	1741
2581	1742
2581	2437
2581	2660
2582	1406
2582	1749
2583	313
2583	1882
2583	2512
2583	2518
2584	1826
2584	2652
2585	161
2585	726
2585	1211
2585	1467
2585	2054
2585	2370
2585	2713
2586	1106
2587	1624
2587	1625
2587	1629
2587	2070
2587	2075
2587	2089
2587	2127
2587	2132
2587	2362
2589	1084
2590	557
2590	558
2591	75
2591	190
2591	214
2591	876
2591	886
2591	1106
2591	2361
2591	2595
2593	2360
2593	2465
2593	2513
2593	2556
2594	621
2594	1106
2594	2418
2595	33
2595	190
2595	212
2595	383
2595	1189
2595	1234
2595	1874
2595	2586
2595	2701
2596	828
2596	1159
2596	1892
2597	615
2597	857
2597	1224
2598	1084
2598	2597
2600	1963
2600	2069
2600	2463
2601	2427
2602	161
2602	210
2602	820
2602	916
2602	918
2602	919
2602	1060
2602	1200
2602	1716
2602	2287
2602	2433
2602	2582
2602	2607
2604	63
2605	64
2605	1117
2605	1626
2605	1627
2605	1958
2605	2377
2605	2542
2607	210
2607	579
2607	1312
2607	1556
2607	1757
2607	2370
2607	2371
2607	2620
2608	704
2608	1779
2608	1878
2608	2085
2608	2536
2610	1099
2610	1309
2610	1451
2610	2481
2610	2586
2611	621
2611	923
2611	1813
2611	2448
2613	47
2613	89
2613	187
2613	379
2613	731
2613	746
2613	1596
2613	2384
2614	1519
2615	1500
2615	2694
2617	2584
2617	2585
2617	2601
2617	2652
2618	161
2618	362
2618	1281
2618	1699
2618	1984
2618	2427
2618	2578
2618	2585
2620	1139
2620	1149
2620	1156
2622	693
2622	1373
2622	1510
2625	660
2625	726
2625	1271
2626	2040
2627	807
2627	918
2627	1220
2627	1406
2627	2047
2627	2706
2627	2707
2628	601
2628	1348
2628	1363
2628	1522
2628	1602
2628	1702
2628	1787
2628	1789
2628	1833
2628	2013
2628	2247
2628	2367
2629	2585
2630	923
2630	1060
2630	1065
2630	1112
2630	1309
2630	1427
2630	1692
2630	2203
2631	1893
2632	1886
2632	2649
2634	99
2634	600
2634	1341
2634	2085
2634	2103
2634	2539
2636	894
2636	1370
2636	1839
2636	2205
2636	2675
2637	1224
2637	2700
2639	2006
2640	2623
2641	210
2641	1152
2641	1434
2641	1479
2643	161
2643	575
2644	1717
2645	610
2645	1387
2645	1521
2645	1602
2645	1734
2645	1986
2648	1670
2649	1098
2649	1468
2649	1471
2649	1957
2649	2012
2649	2017
2649	2494
2649	2540
2651	1502
2651	1525
2651	1635
2651	2173
2651	2375
2651	2615
2651	2646
2651	2653
2651	2694
2652	224
2652	1731
2652	2197
2652	2684
2653	224
2653	1846
2653	2197
2653	2375
2654	266
2654	691
2655	2533
2656	376
2656	2144
2656	2418
2656	2462
2656	2680
2657	1471
2657	2061
2657	2465
2657	2482
2657	2561
2659	1748
2659	2438
2660	913
2660	1023
2660	2441
2660	2533
2661	885
2665	862
2665	1033
2665	1332
2665	2175
2665	2565
2666	1704
2666	1799
2666	1880
2666	2338
2666	2342
2668	1819
2670	62
2670	366
2670	737
2670	1203
2670	1473
2670	2144
2670	2418
2670	2462
2671	716
2673	79
2673	1514
2673	1981
2673	2632
2673	2654
2673	2721
2674	2036
2675	1488
2675	2153
2676	24
2676	426
2676	2370
2677	2325
2679	206
2679	207
2680	345
2680	884
2680	917
2680	1106
2680	1234
2680	1385
2680	1387
2680	1792
2680	1844
2680	1947
2680	2044
2680	2113
2680	2397
2680	2444
2680	2454
2680	2526
2680	2591
2680	2647
2680	2681
2681	1461
2681	1914
2681	2462
2682	815
2682	926
2683	1465
2683	1860
2683	1990
2684	1338
2684	1429
2684	1728
2684	1788
2684	1789
2684	1854
2684	1860
2684	2630
2685	1060
2685	1466
2685	2576
2686	730
2686	2265
2686	2266
2686	2300
2686	2423
2686	2579
2687	102
2687	1286
2687	2685
2688	610
2688	614
2688	654
2688	1163
2688	1270
2688	1398
2688	1451
2688	1705
2688	1841
2688	2232
2688	2320
2688	2433
2688	2440
2688	2559
2688	2710
2689	433
2689	1067
2689	1286
2689	1424
2689	1699
2689	2685
2690	224
2690	1525
2690	1679
2690	2001
2690	2197
2690	2617
2691	145
2691	1819
2691	1882
2691	2518
2692	814
2692	2073
2692	2077
2693	359
2693	1458
2693	1560
2693	1581
2693	1883
2693	1906
2693	1933
2693	1944
2693	2477
2693	2515
2693	2626
2693	2674
2693	2690
2694	413
2694	737
2694	1846
2694	2615
2694	2651
2694	2690
2695	814
2695	1846
2695	1980
2695	1991
2697	1627
2697	2041
2698	876
2698	2462
2699	1426
2700	1042
2701	115
2701	2637
2702	47
2702	210
2702	349
2702	409
2702	918
2702	959
2702	2226
2702	2286
2702	2403
2703	890
2703	918
2703	1200
2703	1201
2703	2046
2703	2359
2703	2420
2703	2440
2703	2627
2704	752
2704	918
2704	959
2704	1202
2704	1235
2704	1545
2704	2047
2704	2454
2704	2627
2704	2707
2705	210
2705	918
2705	1235
2705	2359
2705	2458
2707	876
2707	1410
2707	2454
2708	2120
2710	414
2710	757
2710	1201
2710	1306
2710	1370
2710	1545
2710	2619
2712	887
2712	1217
2712	2711
2713	1083
2713	2165
2714	490
2714	1826
2715	67
2715	411
2715	828
2715	958
2715	1707
2715	1795
2715	1811
2715	2181
2715	2327
2715	2604
2715	2620
2715	2677
2715	2717
2716	1506
2716	2143
2716	2677
2717	2285
2717	2325
2717	2677
2717	2715
2717	2716
2718	633
2718	2567
2718	2676
2718	2677
2719	87
2719	665
2719	1196
2719	2331
2720	145
2720	2667
2721	601
2721	1459
2721	1498
2721	1875
2721	2652
2722	161
